2023-03-28,12:30:23.736 DEBUG spim_core.spim_base.Exaspim.schema: TigerASI 0.0.1 on branch main at 2b2a885190afb70cc3baaa2d7bfd462687dc8672
2023-03-28,12:30:23.945 ERROR spim_core.spim_base.Exaspim.schema: TigerASI 0.0.1 has uncommitted changes.
2023-03-28,12:30:24.444 DEBUG spim_core.spim_base.Exaspim.schema: obis-laser 0.0.1 on branch main at bbb01d7b8c1afe8dd754fe7246e9dfc2cde5cf6d
2023-03-28,12:30:25.908 DEBUG spim_core.spim_base.Exaspim.schema: opto 0.1 on branch master at d61bf66b17d1653d59a9a8c3de49fab115fec8f3
2023-03-28,12:30:26.460 INFO spim_core.spim_base.Exaspim.schema: acquisition parameters
2023-03-28,12:30:26.470 INFO spim_core.spim_base.Exaspim.schema: session_start_time, 2023-03-28_12-30-26
2023-03-28,12:30:26.470 INFO spim_core.spim_base.Exaspim.schema: local_storage_directory, D:\648860-ID_2023-03-28_12-30-23
2023-03-28,12:30:26.470 INFO spim_core.spim_base.Exaspim.schema: external_storage_directory, Y:\648860-ID_2023-03-28_12-30-23\micr
2023-03-28,12:30:26.470 INFO spim_core.spim_base.Exaspim.schema: specimen_id,648860
2023-03-28,12:30:26.480 INFO spim_core.spim_base.Exaspim.schema: subject_id,648860
2023-03-28,12:30:26.480 INFO spim_core.spim_base.Exaspim.schema: instrument_id, exaspim-01
2023-03-28,12:30:26.480 INFO spim_core.spim_base.Exaspim.schema: chamber_immersion_medium, 0.05X SSC
2023-03-28,12:30:26.490 INFO spim_core.spim_base.Exaspim.schema: chamber_immersion_refractive_index, 1.33
2023-03-28,12:30:26.500 INFO spim_core.spim_base.Exaspim.schema: tiger motorized axes parameters
2023-03-28,12:30:26.810 INFO spim_core.spim_base.Exaspim.schema: X axis, Axis Name ChX, X
2023-03-28,12:30:26.810 INFO spim_core.spim_base.Exaspim.schema: X axis, Limits Status, f
2023-03-28,12:30:26.820 INFO spim_core.spim_base.Exaspim.schema: X axis, Input Device, NONE [J]
2023-03-28,12:30:26.820 INFO spim_core.spim_base.Exaspim.schema: X axis, Axis Profile, STD_FP_ROT
2023-03-28,12:30:26.830 INFO spim_core.spim_base.Exaspim.schema: X axis, Max Lim, 30.295 [SU] mm
2023-03-28,12:30:26.840 INFO spim_core.spim_base.Exaspim.schema: X axis, Min Lim, -15.021 [SL] mm
2023-03-28,12:30:26.849 INFO spim_core.spim_base.Exaspim.schema: X axis, Ramp Time, 70.50 [AC] ms
2023-03-28,12:30:26.849 INFO spim_core.spim_base.Exaspim.schema: X axis, Ramp Length, 16347 enc
2023-03-28,12:30:26.860 INFO spim_core.spim_base.Exaspim.schema: X axis, Run Speed, 1.28638 [S]mm/s
2023-03-28,12:30:26.870 INFO spim_core.spim_base.Exaspim.schema: X axis, vmax_enc*64, 7475
2023-03-28,12:30:26.870 INFO spim_core.spim_base.Exaspim.schema: X axis, Servo Lp Time, 0.50 ms
2023-03-28,12:30:26.870 INFO spim_core.spim_base.Exaspim.schema: X axis, Enc Polarity, 1 [EP]
2023-03-28,12:30:26.880 INFO spim_core.spim_base.Exaspim.schema: X axis, dv_enc, 53
2023-03-28,12:30:26.890 INFO spim_core.spim_base.Exaspim.schema: X axis, LL Axis ID, 24
2023-03-28,12:30:26.890 INFO spim_core.spim_base.Exaspim.schema: X axis, Drift Error, 0.000200 [E] mm
2023-03-28,12:30:26.890 INFO spim_core.spim_base.Exaspim.schema: X axis, enc_drift_err, 36
2023-03-28,12:30:26.900 INFO spim_core.spim_base.Exaspim.schema: X axis, Finish Error, 0.000012 [PC] mm
2023-03-28,12:30:26.900 INFO spim_core.spim_base.Exaspim.schema: X axis, enc_finsh_err, 2
2023-03-28,12:30:26.912 INFO spim_core.spim_base.Exaspim.schema: X axis, Backlash, 0.000000 [B] mm
2023-03-28,12:30:26.916 INFO spim_core.spim_base.Exaspim.schema: X axis, enc_backlash, 0
2023-03-28,12:30:26.916 INFO spim_core.spim_base.Exaspim.schema: X axis, Overshoot, 0.000000 [OS] mm
2023-03-28,12:30:26.916 INFO spim_core.spim_base.Exaspim.schema: X axis, enc_overshoot, 0
2023-03-28,12:30:26.916 INFO spim_core.spim_base.Exaspim.schema: X axis, Kp, 125 [KP]
2023-03-28,12:30:26.926 INFO spim_core.spim_base.Exaspim.schema: X axis, Ki, 100 [KI]
2023-03-28,12:30:26.936 INFO spim_core.spim_base.Exaspim.schema: X axis, Kv, 94 [KV]
2023-03-28,12:30:26.936 INFO spim_core.spim_base.Exaspim.schema: X axis, Kd, 0 [KD]
2023-03-28,12:30:26.936 INFO spim_core.spim_base.Exaspim.schema: X axis, Ka, 0 [KA]
2023-03-28,12:30:26.946 INFO spim_core.spim_base.Exaspim.schema: X axis, Kadc, 1
2023-03-28,12:30:26.946 INFO spim_core.spim_base.Exaspim.schema: X axis, Axis Enable, 1 [MC]
2023-03-28,12:30:26.956 INFO spim_core.spim_base.Exaspim.schema: X axis, Motor Enable, 0
2023-03-28,12:30:26.956 INFO spim_core.spim_base.Exaspim.schema: X axis, CMD_stat, NO_MOVE
2023-03-28,12:30:26.956 INFO spim_core.spim_base.Exaspim.schema: X axis, Move_stat, IDLE
2023-03-28,12:30:26.967 INFO spim_core.spim_base.Exaspim.schema: X axis, Current pos, 0.0000 mm
2023-03-28,12:30:26.967 INFO spim_core.spim_base.Exaspim.schema: X axis, enc position, -1
2023-03-28,12:30:26.977 INFO spim_core.spim_base.Exaspim.schema: X axis, Target pos, 0.0000 mm
2023-03-28,12:30:26.977 INFO spim_core.spim_base.Exaspim.schema: X axis, enc target, -1
2023-03-28,12:30:26.977 INFO spim_core.spim_base.Exaspim.schema: X axis, enc pos error, 0
2023-03-28,12:30:26.987 INFO spim_core.spim_base.Exaspim.schema: X axis, EEsum, 0
2023-03-28,12:30:26.987 INFO spim_core.spim_base.Exaspim.schema: X axis, Lst Stle Time, 1143 ms
2023-03-28,12:30:26.987 INFO spim_core.spim_base.Exaspim.schema: X axis, Av Settle Tim, 0 ms
2023-03-28,12:30:26.997 INFO spim_core.spim_base.Exaspim.schema: X axis, Home position, 607.41 mm
2023-03-28,12:30:26.997 INFO spim_core.spim_base.Exaspim.schema: X axis, Motor Signal, 0
2023-03-28,12:30:27.007 INFO spim_core.spim_base.Exaspim.schema: X axis, mm/sec/DAC_ct, 0.01500 [D]
2023-03-28,12:30:27.007 INFO spim_core.spim_base.Exaspim.schema: X axis, Enc Cnts/mm, 181590.40 [C]
2023-03-28,12:30:27.007 INFO spim_core.spim_base.Exaspim.schema: X axis, Wait Time, 0 [WT] ms
2023-03-28,12:30:27.017 INFO spim_core.spim_base.Exaspim.schema: X axis, Maintain code, 0 [MA]
2023-03-28,12:30:27.017 INFO spim_core.spim_base.Exaspim.schema: X axis, AAlign value, 85 [AA]
2023-03-28,12:30:27.017 INFO spim_core.spim_base.Exaspim.schema: X axis, AZero value, 93 [AZ]
2023-03-28,12:30:27.307 INFO spim_core.spim_base.Exaspim.schema: Y axis, Axis Name ChY, Y
2023-03-28,12:30:27.307 INFO spim_core.spim_base.Exaspim.schema: Y axis, Limits Status, f
2023-03-28,12:30:27.307 INFO spim_core.spim_base.Exaspim.schema: Y axis, Input Device, NONE [J]
2023-03-28,12:30:27.317 INFO spim_core.spim_base.Exaspim.schema: Y axis, Axis Profile, STD_FP_ROT
2023-03-28,12:30:27.317 INFO spim_core.spim_base.Exaspim.schema: Y axis, Max Lim, 43.198 [SU] mm
2023-03-28,12:30:27.317 INFO spim_core.spim_base.Exaspim.schema: Y axis, Min Lim, -4.398 [SL] mm
2023-03-28,12:30:27.327 INFO spim_core.spim_base.Exaspim.schema: Y axis, Ramp Time, 70.50 [AC] ms
2023-03-28,12:30:27.337 INFO spim_core.spim_base.Exaspim.schema: Y axis, Ramp Length, 16347 enc
2023-03-28,12:30:27.337 INFO spim_core.spim_base.Exaspim.schema: Y axis, Run Speed, 1.28638 [S]mm/s
2023-03-28,12:30:27.347 INFO spim_core.spim_base.Exaspim.schema: Y axis, vmax_enc*64, 7475
2023-03-28,12:30:27.347 INFO spim_core.spim_base.Exaspim.schema: Y axis, Servo Lp Time, 0.50 ms
2023-03-28,12:30:27.347 INFO spim_core.spim_base.Exaspim.schema: Y axis, Enc Polarity, 1 [EP]
2023-03-28,12:30:27.356 INFO spim_core.spim_base.Exaspim.schema: Y axis, dv_enc, 53
2023-03-28,12:30:27.356 INFO spim_core.spim_base.Exaspim.schema: Y axis, LL Axis ID, 25
2023-03-28,12:30:27.356 INFO spim_core.spim_base.Exaspim.schema: Y axis, Drift Error, 0.000200 [E] mm
2023-03-28,12:30:27.356 INFO spim_core.spim_base.Exaspim.schema: Y axis, enc_drift_err, 36
2023-03-28,12:30:27.368 INFO spim_core.spim_base.Exaspim.schema: Y axis, Finish Error, 0.000012 [PC] mm
2023-03-28,12:30:27.368 INFO spim_core.spim_base.Exaspim.schema: Y axis, enc_finsh_err, 2
2023-03-28,12:30:27.378 INFO spim_core.spim_base.Exaspim.schema: Y axis, Backlash, 0.010000 [B] mm
2023-03-28,12:30:27.378 INFO spim_core.spim_base.Exaspim.schema: Y axis, enc_backlash, 1815
2023-03-28,12:30:27.378 INFO spim_core.spim_base.Exaspim.schema: Y axis, Overshoot, 0.000000 [OS] mm
2023-03-28,12:30:27.388 INFO spim_core.spim_base.Exaspim.schema: Y axis, enc_overshoot, 0
2023-03-28,12:30:27.388 INFO spim_core.spim_base.Exaspim.schema: Y axis, Kp, 125 [KP]
2023-03-28,12:30:27.388 INFO spim_core.spim_base.Exaspim.schema: Y axis, Ki, 100 [KI]
2023-03-28,12:30:27.398 INFO spim_core.spim_base.Exaspim.schema: Y axis, Kv, 94 [KV]
2023-03-28,12:30:27.398 INFO spim_core.spim_base.Exaspim.schema: Y axis, Kd, 0 [KD]
2023-03-28,12:30:27.398 INFO spim_core.spim_base.Exaspim.schema: Y axis, Ka, 0 [KA]
2023-03-28,12:30:27.408 INFO spim_core.spim_base.Exaspim.schema: Y axis, Kadc, 1
2023-03-28,12:30:27.408 INFO spim_core.spim_base.Exaspim.schema: Y axis, Axis Enable, 1 [MC]
2023-03-28,12:30:27.408 INFO spim_core.spim_base.Exaspim.schema: Y axis, Motor Enable, 0
2023-03-28,12:30:27.418 INFO spim_core.spim_base.Exaspim.schema: Y axis, CMD_stat, NO_MOVE
2023-03-28,12:30:27.418 INFO spim_core.spim_base.Exaspim.schema: Y axis, Move_stat, IDLE
2023-03-28,12:30:27.418 INFO spim_core.spim_base.Exaspim.schema: Y axis, Current pos, -0.0000 mm
2023-03-28,12:30:27.428 INFO spim_core.spim_base.Exaspim.schema: Y axis, enc position, -3
2023-03-28,12:30:27.428 INFO spim_core.spim_base.Exaspim.schema: Y axis, Target pos, 0.0000 mm
2023-03-28,12:30:27.438 INFO spim_core.spim_base.Exaspim.schema: Y axis, enc target, 0
2023-03-28,12:30:27.438 INFO spim_core.spim_base.Exaspim.schema: Y axis, enc pos error, 2
2023-03-28,12:30:27.448 INFO spim_core.spim_base.Exaspim.schema: Y axis, EEsum, 1647
2023-03-28,12:30:27.448 INFO spim_core.spim_base.Exaspim.schema: Y axis, Lst Stle Time, 65 ms
2023-03-28,12:30:27.456 INFO spim_core.spim_base.Exaspim.schema: Y axis, Av Settle Tim, 0 ms
2023-03-28,12:30:27.456 INFO spim_core.spim_base.Exaspim.schema: Y axis, Home position, 573.74 mm
2023-03-28,12:30:27.456 INFO spim_core.spim_base.Exaspim.schema: Y axis, Motor Signal, 0
2023-03-28,12:30:27.468 INFO spim_core.spim_base.Exaspim.schema: Y axis, mm/sec/DAC_ct, 0.01500 [D]
2023-03-28,12:30:27.468 INFO spim_core.spim_base.Exaspim.schema: Y axis, Enc Cnts/mm, 181590.40 [C]
2023-03-28,12:30:27.468 INFO spim_core.spim_base.Exaspim.schema: Y axis, Wait Time, 0 [WT] ms
2023-03-28,12:30:27.478 INFO spim_core.spim_base.Exaspim.schema: Y axis, Maintain code, 0 [MA]
2023-03-28,12:30:27.478 INFO spim_core.spim_base.Exaspim.schema: Y axis, AAlign value, 85 [AA]
2023-03-28,12:30:27.478 INFO spim_core.spim_base.Exaspim.schema: Y axis, AZero value, 106 [AZ]
2023-03-28,12:30:27.772 INFO spim_core.spim_base.Exaspim.schema: Z axis, Axis Name ChZ, Z
2023-03-28,12:30:27.772 INFO spim_core.spim_base.Exaspim.schema: Z axis, Limits Status, W
2023-03-28,12:30:27.772 INFO spim_core.spim_base.Exaspim.schema: Z axis, Input Device, NONE [J]
2023-03-28,12:30:27.782 INFO spim_core.spim_base.Exaspim.schema: Z axis, Axis Profile, STD_FP_ROT
2023-03-28,12:30:27.782 INFO spim_core.spim_base.Exaspim.schema: Z axis, Max Lim, 18.775 [SU] mm
2023-03-28,12:30:27.782 INFO spim_core.spim_base.Exaspim.schema: Z axis, Min Lim, -13.940 [SL] mm
2023-03-28,12:30:27.792 INFO spim_core.spim_base.Exaspim.schema: Z axis, Ramp Time, 70.50 [AC] ms
2023-03-28,12:30:27.792 INFO spim_core.spim_base.Exaspim.schema: Z axis, Ramp Length, 16347 enc
2023-03-28,12:30:27.802 INFO spim_core.spim_base.Exaspim.schema: Z axis, Run Speed, 1.28638 [S]mm/s
2023-03-28,12:30:27.802 INFO spim_core.spim_base.Exaspim.schema: Z axis, vmax_enc*64, 7475
2023-03-28,12:30:27.812 INFO spim_core.spim_base.Exaspim.schema: Z axis, Servo Lp Time, 0.50 ms
2023-03-28,12:30:27.822 INFO spim_core.spim_base.Exaspim.schema: Z axis, Enc Polarity, 1 [EP]
2023-03-28,12:30:27.822 INFO spim_core.spim_base.Exaspim.schema: Z axis, dv_enc, 53
2023-03-28,12:30:27.822 INFO spim_core.spim_base.Exaspim.schema: Z axis, LL Axis ID, 26
2023-03-28,12:30:27.832 INFO spim_core.spim_base.Exaspim.schema: Z axis, Drift Error, 0.000200 [E] mm
2023-03-28,12:30:27.832 INFO spim_core.spim_base.Exaspim.schema: Z axis, enc_drift_err, 36
2023-03-28,12:30:27.842 INFO spim_core.spim_base.Exaspim.schema: Z axis, Finish Error, 0.000012 [PC] mm
2023-03-28,12:30:27.852 INFO spim_core.spim_base.Exaspim.schema: Z axis, enc_finsh_err, 2
2023-03-28,12:30:27.852 INFO spim_core.spim_base.Exaspim.schema: Z axis, Backlash, 0.010000 [B] mm
2023-03-28,12:30:27.852 INFO spim_core.spim_base.Exaspim.schema: Z axis, enc_backlash, 1815
2023-03-28,12:30:27.861 INFO spim_core.spim_base.Exaspim.schema: Z axis, Overshoot, 0.000000 [OS] mm
2023-03-28,12:30:27.861 INFO spim_core.spim_base.Exaspim.schema: Z axis, enc_overshoot, 0
2023-03-28,12:30:27.861 INFO spim_core.spim_base.Exaspim.schema: Z axis, Kp, 125 [KP]
2023-03-28,12:30:27.872 INFO spim_core.spim_base.Exaspim.schema: Z axis, Ki(*16), 100 [KI]
2023-03-28,12:30:27.872 INFO spim_core.spim_base.Exaspim.schema: Z axis, Kv, 94 [KV]
2023-03-28,12:30:27.872 INFO spim_core.spim_base.Exaspim.schema: Z axis, Kd, 0 [KD]
2023-03-28,12:30:27.882 INFO spim_core.spim_base.Exaspim.schema: Z axis, Ka, 0 [KA]
2023-03-28,12:30:27.882 INFO spim_core.spim_base.Exaspim.schema: Z axis, Kadc, 1
2023-03-28,12:30:27.892 INFO spim_core.spim_base.Exaspim.schema: Z axis, Axis Enable, 1 [MC]
2023-03-28,12:30:27.892 INFO spim_core.spim_base.Exaspim.schema: Z axis, Motor Enable, 0
2023-03-28,12:30:27.892 INFO spim_core.spim_base.Exaspim.schema: Z axis, CMD_stat, NO_MOVE
2023-03-28,12:30:27.902 INFO spim_core.spim_base.Exaspim.schema: Z axis, Move_stat, IDLE
2023-03-28,12:30:27.902 INFO spim_core.spim_base.Exaspim.schema: Z axis, Current pos, 0.0000 mm
2023-03-28,12:30:27.912 INFO spim_core.spim_base.Exaspim.schema: Z axis, enc position, 4
2023-03-28,12:30:27.912 INFO spim_core.spim_base.Exaspim.schema: Z axis, Target pos, 0.0000 mm
2023-03-28,12:30:27.912 INFO spim_core.spim_base.Exaspim.schema: Z axis, enc target, 0
2023-03-28,12:30:27.922 INFO spim_core.spim_base.Exaspim.schema: Z axis, enc pos error, -2
2023-03-28,12:30:27.922 INFO spim_core.spim_base.Exaspim.schema: Z axis, EEsum, 148
2023-03-28,12:30:27.922 INFO spim_core.spim_base.Exaspim.schema: Z axis, Lst Stle Time, 9 ms
2023-03-28,12:30:27.932 INFO spim_core.spim_base.Exaspim.schema: Z axis, Av Settle Tim, 0 ms
2023-03-28,12:30:27.932 INFO spim_core.spim_base.Exaspim.schema: Z axis, Home position, 1014.21 mm
2023-03-28,12:30:27.932 INFO spim_core.spim_base.Exaspim.schema: Z axis, Motor Signal, 0
2023-03-28,12:30:27.942 INFO spim_core.spim_base.Exaspim.schema: Z axis, mm/sec/DAC_ct, 0.01500 [D]
2023-03-28,12:30:27.942 INFO spim_core.spim_base.Exaspim.schema: Z axis, Enc Cnts/mm, 181590.40 [C]
2023-03-28,12:30:27.952 INFO spim_core.spim_base.Exaspim.schema: Z axis, Wait Time, 0 [WT] ms
2023-03-28,12:30:27.952 INFO spim_core.spim_base.Exaspim.schema: Z axis, Maintain code, 0 [MA]
2023-03-28,12:30:27.952 INFO spim_core.spim_base.Exaspim.schema: Z axis, AAlign value, 85 [AA]
2023-03-28,12:30:27.960 INFO spim_core.spim_base.Exaspim.schema: Z axis, AZero value, 75 [AZ]
2023-03-28,12:30:28.242 INFO spim_core.spim_base.Exaspim.schema: F axis, Axis Name ChF, F
2023-03-28,12:30:28.242 INFO spim_core.spim_base.Exaspim.schema: F axis, Limits Status, 
2023-03-28,12:30:28.252 INFO spim_core.spim_base.Exaspim.schema: F axis, Input Device, NONE [J]
2023-03-28,12:30:28.252 INFO spim_core.spim_base.Exaspim.schema: F axis, Axis Profile, STD_FP_ROT
2023-03-28,12:30:28.261 INFO spim_core.spim_base.Exaspim.schema: F axis, Max Lim, 18.775 [SU] mm
2023-03-28,12:30:28.261 INFO spim_core.spim_base.Exaspim.schema: F axis, Min Lim, -13.940 [SL] mm
2023-03-28,12:30:28.261 INFO spim_core.spim_base.Exaspim.schema: F axis, Ramp Time, 70.50 [AC] ms
2023-03-28,12:30:28.272 INFO spim_core.spim_base.Exaspim.schema: F axis, Ramp Length, 16347 enc
2023-03-28,12:30:28.272 INFO spim_core.spim_base.Exaspim.schema: F axis, Run Speed, 1.28638 [S]mm/s
2023-03-28,12:30:28.282 INFO spim_core.spim_base.Exaspim.schema: F axis, vmax_enc*64, 7475
2023-03-28,12:30:28.282 INFO spim_core.spim_base.Exaspim.schema: F axis, Servo Lp Time, 0.50 ms
2023-03-28,12:30:28.292 INFO spim_core.spim_base.Exaspim.schema: F axis, Enc Polarity, 1 [EP]
2023-03-28,12:30:28.292 INFO spim_core.spim_base.Exaspim.schema: F axis, dv_enc, 53
2023-03-28,12:30:28.292 INFO spim_core.spim_base.Exaspim.schema: F axis, LL Axis ID, 27
2023-03-28,12:30:28.302 INFO spim_core.spim_base.Exaspim.schema: F axis, Drift Error, 0.000200 [E] mm
2023-03-28,12:30:28.312 INFO spim_core.spim_base.Exaspim.schema: F axis, enc_drift_err, 36
2023-03-28,12:30:28.312 INFO spim_core.spim_base.Exaspim.schema: F axis, Finish Error, 0.000012 [PC] mm
2023-03-28,12:30:28.322 INFO spim_core.spim_base.Exaspim.schema: F axis, enc_finsh_err, 2
2023-03-28,12:30:28.322 INFO spim_core.spim_base.Exaspim.schema: F axis, Backlash, 0.010000 [B] mm
2023-03-28,12:30:28.322 INFO spim_core.spim_base.Exaspim.schema: F axis, enc_backlash, 1815
2023-03-28,12:30:28.332 INFO spim_core.spim_base.Exaspim.schema: F axis, Overshoot, 0.000000 [OS] mm
2023-03-28,12:30:28.342 INFO spim_core.spim_base.Exaspim.schema: F axis, enc_overshoot, 0
2023-03-28,12:30:28.342 INFO spim_core.spim_base.Exaspim.schema: F axis, Kp, 125 [KP]
2023-03-28,12:30:28.352 INFO spim_core.spim_base.Exaspim.schema: F axis, Ki(*16), 100 [KI]
2023-03-28,12:30:28.352 INFO spim_core.spim_base.Exaspim.schema: F axis, Kv, 94 [KV]
2023-03-28,12:30:28.361 INFO spim_core.spim_base.Exaspim.schema: F axis, Kd, 0 [KD]
2023-03-28,12:30:28.361 INFO spim_core.spim_base.Exaspim.schema: F axis, Ka, 0 [KA]
2023-03-28,12:30:28.361 INFO spim_core.spim_base.Exaspim.schema: F axis, Kadc, 1
2023-03-28,12:30:28.361 INFO spim_core.spim_base.Exaspim.schema: F axis, Axis Enable, 1 [MC]
2023-03-28,12:30:28.372 INFO spim_core.spim_base.Exaspim.schema: F axis, Motor Enable, 0
2023-03-28,12:30:28.372 INFO spim_core.spim_base.Exaspim.schema: F axis, CMD_stat, NO_MOVE
2023-03-28,12:30:28.382 INFO spim_core.spim_base.Exaspim.schema: F axis, Move_stat, IDLE
2023-03-28,12:30:28.382 INFO spim_core.spim_base.Exaspim.schema: F axis, Current pos, 0.0000 mm
2023-03-28,12:30:28.382 INFO spim_core.spim_base.Exaspim.schema: F axis, enc position, 2
2023-03-28,12:30:28.392 INFO spim_core.spim_base.Exaspim.schema: F axis, Target pos, 0.0000 mm
2023-03-28,12:30:28.392 INFO spim_core.spim_base.Exaspim.schema: F axis, enc target, 0
2023-03-28,12:30:28.392 INFO spim_core.spim_base.Exaspim.schema: F axis, enc pos error, -2
2023-03-28,12:30:28.402 INFO spim_core.spim_base.Exaspim.schema: F axis, EEsum, -1169
2023-03-28,12:30:28.402 INFO spim_core.spim_base.Exaspim.schema: F axis, Lst Stle Time, 149 ms
2023-03-28,12:30:28.402 INFO spim_core.spim_base.Exaspim.schema: F axis, Av Settle Tim, 0 ms
2023-03-28,12:30:28.412 INFO spim_core.spim_base.Exaspim.schema: F axis, Home position, 1014.21 mm
2023-03-28,12:30:28.412 INFO spim_core.spim_base.Exaspim.schema: F axis, Motor Signal, 0
2023-03-28,12:30:28.422 INFO spim_core.spim_base.Exaspim.schema: F axis, mm/sec/DAC_ct, 0.01500 [D]
2023-03-28,12:30:28.422 INFO spim_core.spim_base.Exaspim.schema: F axis, Enc Cnts/mm, 181590.40 [C]
2023-03-28,12:30:28.422 INFO spim_core.spim_base.Exaspim.schema: F axis, Wait Time, 0 [WT] ms
2023-03-28,12:30:28.432 INFO spim_core.spim_base.Exaspim.schema: F axis, Maintain code, 0 [MA]
2023-03-28,12:30:28.432 INFO spim_core.spim_base.Exaspim.schema: F axis, AAlign value, 85 [AA]
2023-03-28,12:30:28.432 INFO spim_core.spim_base.Exaspim.schema: F axis, AZero value, 89 [AZ]
2023-03-28,12:30:28.723 INFO spim_core.spim_base.Exaspim.schema: R axis, Axis Name ChZ, R
2023-03-28,12:30:28.723 INFO spim_core.spim_base.Exaspim.schema: R axis, Limits Status, W
2023-03-28,12:30:28.733 INFO spim_core.spim_base.Exaspim.schema: R axis, Input Device, NONE [J]
2023-03-28,12:30:28.733 INFO spim_core.spim_base.Exaspim.schema: R axis, Axis Profile, ROT_C-MNT
2023-03-28,12:30:28.743 INFO spim_core.spim_base.Exaspim.schema: R axis, Max Lim, 500.000 [SU] dg
2023-03-28,12:30:28.743 INFO spim_core.spim_base.Exaspim.schema: R axis, Min Lim, -500.000 [SL] dg
2023-03-28,12:30:28.753 INFO spim_core.spim_base.Exaspim.schema: R axis, Ramp Time, 21.50 [AC] ms
2023-03-28,12:30:28.753 INFO spim_core.spim_base.Exaspim.schema: R axis, Ramp Length, 114 enc
2023-03-28,12:30:28.762 INFO spim_core.spim_base.Exaspim.schema: R axis, Run Speed, 7.71113 [S]dg/s
2023-03-28,12:30:28.762 INFO spim_core.spim_base.Exaspim.schema: R axis, vmax_enc*64, 86
2023-03-28,12:30:28.762 INFO spim_core.spim_base.Exaspim.schema: R axis, Servo Lp Time, 0.25 ms
2023-03-28,12:30:28.774 INFO spim_core.spim_base.Exaspim.schema: R axis, Enc Polarity, 1 [EP]
2023-03-28,12:30:28.774 INFO spim_core.spim_base.Exaspim.schema: R axis, dv_enc, 1
2023-03-28,12:30:28.784 INFO spim_core.spim_base.Exaspim.schema: R axis, LL Axis ID, 26
2023-03-28,12:30:28.794 INFO spim_core.spim_base.Exaspim.schema: R axis, Drift Error, 0.100000 [E] dg
2023-03-28,12:30:28.794 INFO spim_core.spim_base.Exaspim.schema: R axis, enc_drift_err, 69
2023-03-28,12:30:28.794 INFO spim_core.spim_base.Exaspim.schema: R axis, Finish Error, 0.003013 [PC] dg
2023-03-28,12:30:28.804 INFO spim_core.spim_base.Exaspim.schema: R axis, enc_finsh_err, 2
2023-03-28,12:30:28.804 INFO spim_core.spim_base.Exaspim.schema: R axis, Backlash, 0.100000 [B] dg
2023-03-28,12:30:28.804 INFO spim_core.spim_base.Exaspim.schema: R axis, enc_backlash, 69
2023-03-28,12:30:28.814 INFO spim_core.spim_base.Exaspim.schema: R axis, Overshoot, 0.000000 [OS] dg
2023-03-28,12:30:28.814 INFO spim_core.spim_base.Exaspim.schema: R axis, enc_overshoot, 0
2023-03-28,12:30:28.824 INFO spim_core.spim_base.Exaspim.schema: R axis, Kp, 1000 [KP]
2023-03-28,12:30:28.824 INFO spim_core.spim_base.Exaspim.schema: R axis, Ki, 160 [KI]
2023-03-28,12:30:28.824 INFO spim_core.spim_base.Exaspim.schema: R axis, Kv, 8162 [KV]
2023-03-28,12:30:28.834 INFO spim_core.spim_base.Exaspim.schema: R axis, Kd, 0 [KD]
2023-03-28,12:30:28.834 INFO spim_core.spim_base.Exaspim.schema: R axis, Ka, 0 [KA]
2023-03-28,12:30:28.844 INFO spim_core.spim_base.Exaspim.schema: R axis, Kadc, 1
2023-03-28,12:30:28.844 INFO spim_core.spim_base.Exaspim.schema: R axis, Axis Enable, 1 [MC]
2023-03-28,12:30:28.844 INFO spim_core.spim_base.Exaspim.schema: R axis, Motor Enable, 0
2023-03-28,12:30:28.854 INFO spim_core.spim_base.Exaspim.schema: R axis, CMD_stat, NO_MOVE
2023-03-28,12:30:28.854 INFO spim_core.spim_base.Exaspim.schema: R axis, Move_stat, IDLE
2023-03-28,12:30:28.862 INFO spim_core.spim_base.Exaspim.schema: R axis, Current pos, 358.7750 dg
2023-03-28,12:30:28.862 INFO spim_core.spim_base.Exaspim.schema: R axis, enc position, 250082
2023-03-28,12:30:28.862 INFO spim_core.spim_base.Exaspim.schema: R axis, Target pos, 358.7750 dg
2023-03-28,12:30:28.873 INFO spim_core.spim_base.Exaspim.schema: R axis, enc target, 250082
2023-03-28,12:30:28.873 INFO spim_core.spim_base.Exaspim.schema: R axis, enc pos error, 0
2023-03-28,12:30:28.873 INFO spim_core.spim_base.Exaspim.schema: R axis, EEsum, 0
2023-03-28,12:30:28.883 INFO spim_core.spim_base.Exaspim.schema: R axis, Lst Stle Time, 68 ms
2023-03-28,12:30:28.883 INFO spim_core.spim_base.Exaspim.schema: R axis, Av Settle Tim, 0 ms
2023-03-28,12:30:28.883 INFO spim_core.spim_base.Exaspim.schema: R axis, Home position, 1000.00 dg
2023-03-28,12:30:28.893 INFO spim_core.spim_base.Exaspim.schema: R axis, Motor Signal, 0
2023-03-28,12:30:28.893 INFO spim_core.spim_base.Exaspim.schema: R axis, mm/sec/DAC_ct, 0.09000 [D]
2023-03-28,12:30:28.893 INFO spim_core.spim_base.Exaspim.schema: R axis, Enc Cnts/dg, 697.04 [C]
2023-03-28,12:30:28.903 INFO spim_core.spim_base.Exaspim.schema: R axis, Wait Time, 0 [WT] ms
2023-03-28,12:30:28.903 INFO spim_core.spim_base.Exaspim.schema: R axis, Maintain code, 0 [MA]
2023-03-28,12:30:28.916 INFO spim_core.spim_base.Exaspim.schema: R axis, AAlign value, 85 [AA]
2023-03-28,12:30:28.919 INFO spim_core.spim_base.Exaspim.schema: R axis, AZero value, 86 [AZ]
2023-03-28,12:30:29.304 INFO spim_core.spim_base.Exaspim.schema: V axis, Axis Name ChZ, V
2023-03-28,12:30:29.304 INFO spim_core.spim_base.Exaspim.schema: V axis, Limits Status, 
2023-03-28,12:30:29.304 INFO spim_core.spim_base.Exaspim.schema: V axis, Input Device, NONE [J]
2023-03-28,12:30:29.314 INFO spim_core.spim_base.Exaspim.schema: V axis, Axis Profile, TLC
2023-03-28,12:30:29.314 INFO spim_core.spim_base.Exaspim.schema: V axis, Max Lim, 32.768 [SU] ct
2023-03-28,12:30:29.324 INFO spim_core.spim_base.Exaspim.schema: V axis, Min Lim, -32.768 [SL] ct
2023-03-28,12:30:29.334 INFO spim_core.spim_base.Exaspim.schema: V axis, Ramp Time, 0.50 [AC] ms
2023-03-28,12:30:29.334 INFO spim_core.spim_base.Exaspim.schema: V axis, Ramp Length, 0 enc
2023-03-28,12:30:29.334 INFO spim_core.spim_base.Exaspim.schema: V axis, Run Speed, 4356.00000 [S]ct/s
2023-03-28,12:30:29.344 INFO spim_core.spim_base.Exaspim.schema: V axis, vmax_enc* 1, 2178
2023-03-28,12:30:29.344 INFO spim_core.spim_base.Exaspim.schema: V axis, Servo Lp Time, 0.50 ms
2023-03-28,12:30:29.354 INFO spim_core.spim_base.Exaspim.schema: V axis, Enc Polarity, 1 [EP]
2023-03-28,12:30:29.363 INFO spim_core.spim_base.Exaspim.schema: V axis, dv_enc, 2178
2023-03-28,12:30:29.363 INFO spim_core.spim_base.Exaspim.schema: V axis, LL Axis ID, 26
2023-03-28,12:30:29.363 INFO spim_core.spim_base.Exaspim.schema: V axis, Drift Error, 0.000000 [E] ct
2023-03-28,12:30:29.374 INFO spim_core.spim_base.Exaspim.schema: V axis, enc_drift_err, 0
2023-03-28,12:30:29.374 INFO spim_core.spim_base.Exaspim.schema: V axis, Finish Error, 0.000000 [PC] ct
2023-03-28,12:30:29.384 INFO spim_core.spim_base.Exaspim.schema: V axis, enc_finsh_err, 0
2023-03-28,12:30:29.384 INFO spim_core.spim_base.Exaspim.schema: V axis, Backlash, 0.000000 [B] ct
2023-03-28,12:30:29.394 INFO spim_core.spim_base.Exaspim.schema: V axis, DAC offset, 32767
2023-03-28,12:30:29.394 INFO spim_core.spim_base.Exaspim.schema: V axis, Overshoot, 0.000000 [OS] ct
2023-03-28,12:30:29.394 INFO spim_core.spim_base.Exaspim.schema: V axis, enc_overshoot, 0
2023-03-28,12:30:29.404 INFO spim_core.spim_base.Exaspim.schema: V axis, Kp, 0 [KP]
2023-03-28,12:30:29.404 INFO spim_core.spim_base.Exaspim.schema: V axis, Ki(*16), 0 [KI]
2023-03-28,12:30:29.404 INFO spim_core.spim_base.Exaspim.schema: V axis, Kv, 0 [KV]
2023-03-28,12:30:29.414 INFO spim_core.spim_base.Exaspim.schema: V axis, Kd, 0 [KD]
2023-03-28,12:30:29.414 INFO spim_core.spim_base.Exaspim.schema: V axis, Ka, 0 [KA]
2023-03-28,12:30:29.424 INFO spim_core.spim_base.Exaspim.schema: V axis, Kadc, 1
2023-03-28,12:30:29.424 INFO spim_core.spim_base.Exaspim.schema: V axis, Axis Enable, 1 [MC]
2023-03-28,12:30:29.424 INFO spim_core.spim_base.Exaspim.schema: V axis, Motor Enable, 0
2023-03-28,12:30:29.434 INFO spim_core.spim_base.Exaspim.schema: V axis, CMD_stat, NO_MOVE
2023-03-28,12:30:29.434 INFO spim_core.spim_base.Exaspim.schema: V axis, Move_stat, IDLE
2023-03-28,12:30:29.434 INFO spim_core.spim_base.Exaspim.schema: V axis, Current pos, 0.0000 ct
2023-03-28,12:30:29.444 INFO spim_core.spim_base.Exaspim.schema: V axis, enc position, 0
2023-03-28,12:30:29.444 INFO spim_core.spim_base.Exaspim.schema: V axis, Target pos, 0.0000 ct
2023-03-28,12:30:29.444 INFO spim_core.spim_base.Exaspim.schema: V axis, enc target, 0
2023-03-28,12:30:29.454 INFO spim_core.spim_base.Exaspim.schema: V axis, enc pos error, 0
2023-03-28,12:30:29.454 INFO spim_core.spim_base.Exaspim.schema: V axis, EEsum, 0
2023-03-28,12:30:29.463 INFO spim_core.spim_base.Exaspim.schema: V axis, Lst Stle Time, 0 ms
2023-03-28,12:30:29.463 INFO spim_core.spim_base.Exaspim.schema: V axis, Av Settle Tim, 0 ms
2023-03-28,12:30:29.463 INFO spim_core.spim_base.Exaspim.schema: V axis, Home position, 1000.00 ct
2023-03-28,12:30:29.463 INFO spim_core.spim_base.Exaspim.schema: V axis, Motor Signal, 0
2023-03-28,12:30:29.474 INFO spim_core.spim_base.Exaspim.schema: V axis, mm/sec/DAC_ct, 0.00000 [D]
2023-03-28,12:30:29.474 INFO spim_core.spim_base.Exaspim.schema: V axis, Enc Cnts/ct, 1000.00 [C]
2023-03-28,12:30:29.474 INFO spim_core.spim_base.Exaspim.schema: V axis, Wait Time, 0 [WT] ms
2023-03-28,12:30:29.484 INFO spim_core.spim_base.Exaspim.schema: V axis, Maintain code, 0 [MA]
2023-03-28,12:30:29.896 INFO spim_core.spim_base.Exaspim.schema: W axis, Axis Name ChF, W
2023-03-28,12:30:29.896 INFO spim_core.spim_base.Exaspim.schema: W axis, Limits Status, 
2023-03-28,12:30:29.896 INFO spim_core.spim_base.Exaspim.schema: W axis, Input Device, NONE [J]
2023-03-28,12:30:29.906 INFO spim_core.spim_base.Exaspim.schema: W axis, Axis Profile, TLC
2023-03-28,12:30:29.906 INFO spim_core.spim_base.Exaspim.schema: W axis, Max Lim, 32.768 [SU] ct
2023-03-28,12:30:29.916 INFO spim_core.spim_base.Exaspim.schema: W axis, Min Lim, -32.768 [SL] ct
2023-03-28,12:30:29.926 INFO spim_core.spim_base.Exaspim.schema: W axis, Ramp Time, 0.50 [AC] ms
2023-03-28,12:30:29.926 INFO spim_core.spim_base.Exaspim.schema: W axis, Ramp Length, 0 enc
2023-03-28,12:30:29.926 INFO spim_core.spim_base.Exaspim.schema: W axis, Run Speed, 4356.00000 [S]ct/s
2023-03-28,12:30:29.936 INFO spim_core.spim_base.Exaspim.schema: W axis, vmax_enc* 1, 2178
2023-03-28,12:30:29.936 INFO spim_core.spim_base.Exaspim.schema: W axis, Servo Lp Time, 0.50 ms
2023-03-28,12:30:29.946 INFO spim_core.spim_base.Exaspim.schema: W axis, Enc Polarity, 1 [EP]
2023-03-28,12:30:29.956 INFO spim_core.spim_base.Exaspim.schema: W axis, dv_enc, 2178
2023-03-28,12:30:29.956 INFO spim_core.spim_base.Exaspim.schema: W axis, LL Axis ID, 27
2023-03-28,12:30:29.956 INFO spim_core.spim_base.Exaspim.schema: W axis, Drift Error, 0.000000 [E] ct
2023-03-28,12:30:29.965 INFO spim_core.spim_base.Exaspim.schema: W axis, enc_drift_err, 0
2023-03-28,12:30:29.965 INFO spim_core.spim_base.Exaspim.schema: W axis, Finish Error, 0.000000 [PC] ct
2023-03-28,12:30:29.965 INFO spim_core.spim_base.Exaspim.schema: W axis, enc_finsh_err, 0
2023-03-28,12:30:29.976 INFO spim_core.spim_base.Exaspim.schema: W axis, Backlash, 0.000000 [B] ct
2023-03-28,12:30:29.986 INFO spim_core.spim_base.Exaspim.schema: W axis, DAC offset, 32767
2023-03-28,12:30:29.986 INFO spim_core.spim_base.Exaspim.schema: W axis, Overshoot, 0.000000 [OS] ct
2023-03-28,12:30:29.996 INFO spim_core.spim_base.Exaspim.schema: W axis, enc_overshoot, 0
2023-03-28,12:30:29.996 INFO spim_core.spim_base.Exaspim.schema: W axis, Kp, 0 [KP]
2023-03-28,12:30:29.996 INFO spim_core.spim_base.Exaspim.schema: W axis, Ki(*16), 0 [KI]
2023-03-28,12:30:30.006 INFO spim_core.spim_base.Exaspim.schema: W axis, Kv, 0 [KV]
2023-03-28,12:30:30.016 INFO spim_core.spim_base.Exaspim.schema: W axis, Kd, 0 [KD]
2023-03-28,12:30:30.016 INFO spim_core.spim_base.Exaspim.schema: W axis, Ka, 0 [KA]
2023-03-28,12:30:30.026 INFO spim_core.spim_base.Exaspim.schema: W axis, Kadc, 1
2023-03-28,12:30:30.026 INFO spim_core.spim_base.Exaspim.schema: W axis, Axis Enable, 1 [MC]
2023-03-28,12:30:30.026 INFO spim_core.spim_base.Exaspim.schema: W axis, Motor Enable, 0
2023-03-28,12:30:30.036 INFO spim_core.spim_base.Exaspim.schema: W axis, CMD_stat, NO_MOVE
2023-03-28,12:30:30.036 INFO spim_core.spim_base.Exaspim.schema: W axis, Move_stat, IDLE
2023-03-28,12:30:30.046 INFO spim_core.spim_base.Exaspim.schema: W axis, Current pos, 0.0000 ct
2023-03-28,12:30:30.046 INFO spim_core.spim_base.Exaspim.schema: W axis, enc position, 0
2023-03-28,12:30:30.056 INFO spim_core.spim_base.Exaspim.schema: W axis, Target pos, 0.0000 ct
2023-03-28,12:30:30.056 INFO spim_core.spim_base.Exaspim.schema: W axis, enc target, 0
2023-03-28,12:30:30.056 INFO spim_core.spim_base.Exaspim.schema: W axis, enc pos error, 0
2023-03-28,12:30:30.065 INFO spim_core.spim_base.Exaspim.schema: W axis, EEsum, 0
2023-03-28,12:30:30.065 INFO spim_core.spim_base.Exaspim.schema: W axis, Lst Stle Time, 0 ms
2023-03-28,12:30:30.065 INFO spim_core.spim_base.Exaspim.schema: W axis, Av Settle Tim, 0 ms
2023-03-28,12:30:30.076 INFO spim_core.spim_base.Exaspim.schema: W axis, Home position, 1000.00 ct
2023-03-28,12:30:30.076 INFO spim_core.spim_base.Exaspim.schema: W axis, Motor Signal, 0
2023-03-28,12:30:30.076 INFO spim_core.spim_base.Exaspim.schema: W axis, mm/sec/DAC_ct, 0.00000 [D]
2023-03-28,12:30:30.086 INFO spim_core.spim_base.Exaspim.schema: W axis, Enc Cnts/ct, 1000.00 [C]
2023-03-28,12:30:30.086 INFO spim_core.spim_base.Exaspim.schema: W axis, Wait Time, 0 [WT] ms
2023-03-28,12:30:30.096 INFO spim_core.spim_base.Exaspim.schema: W axis, Maintain code, 0 [MA]
2023-03-28,12:30:30.096 INFO spim_core.spim_base.Exaspim.schema: egrabber camera parameters
2023-03-28,12:30:30.597 INFO spim_core.spim_base.Exaspim.schema: device, DeviceID, Device0
2023-03-28,12:30:30.607 INFO spim_core.spim_base.Exaspim.schema: device, DeviceVendorName, VIEWORKS
2023-03-28,12:30:30.607 INFO spim_core.spim_base.Exaspim.schema: device, DeviceModelName, VP-151MX-M6H0
2023-03-28,12:30:30.607 INFO spim_core.spim_base.Exaspim.schema: device, DeviceAccessStatus, OpenReadWrite
2023-03-28,12:30:30.616 INFO spim_core.spim_base.Exaspim.schema: device, DeviceType, CXP
2023-03-28,12:30:30.618 INFO spim_core.spim_base.Exaspim.schema: device, DeviceDescription, [ABCDEFGH]
2023-03-28,12:30:30.618 INFO spim_core.spim_base.Exaspim.schema: device, StreamSelector, 0
2023-03-28,12:30:30.618 INFO spim_core.spim_base.Exaspim.schema: device, StreamID, Stream0
2023-03-28,12:30:30.626 INFO spim_core.spim_base.Exaspim.schema: device, CxpLinkConfiguration, CXP6_X4
2023-03-28,12:30:30.626 INFO spim_core.spim_base.Exaspim.schema: device, CxpLinkConfigurationOption, NeverWrite
2023-03-28,12:30:30.636 INFO spim_core.spim_base.Exaspim.schema: device, CxpHostConnectionBase, A
2023-03-28,12:30:30.636 INFO spim_core.spim_base.Exaspim.schema: device, CxpHostConnectionCount, 8
2023-03-28,12:30:30.636 INFO spim_core.spim_base.Exaspim.schema: device, CxpPortAlignment, 0
2023-03-28,12:30:30.636 INFO spim_core.spim_base.Exaspim.schema: device, RemoteDeviceEventSelector, GenICam
2023-03-28,12:30:30.646 INFO spim_core.spim_base.Exaspim.schema: device, RemoteDeviceEventEnable, True
2023-03-28,12:30:30.646 INFO spim_core.spim_base.Exaspim.schema: device, RemoteDeviceEventCount, 0
2023-03-28,12:30:30.646 INFO spim_core.spim_base.Exaspim.schema: device, EventSelector, CameraTriggerRisingEdge
2023-03-28,12:30:30.656 INFO spim_core.spim_base.Exaspim.schema: device, EventNotification, False
2023-03-28,12:30:30.656 INFO spim_core.spim_base.Exaspim.schema: device, EventNotificationContext1, EventSpecific
2023-03-28,12:30:30.666 INFO spim_core.spim_base.Exaspim.schema: device, EventNotificationContext2, EventSpecific
2023-03-28,12:30:30.667 INFO spim_core.spim_base.Exaspim.schema: device, EventNotificationContext3, EventSpecific
2023-03-28,12:30:30.667 INFO spim_core.spim_base.Exaspim.schema: device, EventCount, 0
2023-03-28,12:30:30.667 INFO spim_core.spim_base.Exaspim.schema: device, ErrorSelector, All
2023-03-28,12:30:30.677 INFO spim_core.spim_base.Exaspim.schema: device, ErrorCount, 0
2023-03-28,12:30:30.677 INFO spim_core.spim_base.Exaspim.schema: device, CameraControlMethod, NC
2023-03-28,12:30:30.677 INFO spim_core.spim_base.Exaspim.schema: device, C2CLinkConfiguration, Disconnected
2023-03-28,12:30:30.687 INFO spim_core.spim_base.Exaspim.schema: remote, DeviceScanType, Areascan
2023-03-28,12:30:30.697 INFO spim_core.spim_base.Exaspim.schema: remote, DeviceVendorName, VIEWORKS
2023-03-28,12:30:30.707 INFO spim_core.spim_base.Exaspim.schema: remote, DeviceModelName, VP-151MX-M6H0
2023-03-28,12:30:30.707 INFO spim_core.spim_base.Exaspim.schema: remote, DeviceManufacturerInfo, 
2023-03-28,12:30:30.717 INFO spim_core.spim_base.Exaspim.schema: remote, DeviceVersion, M:0.8.10 F:2.5.9
2023-03-28,12:30:30.736 INFO spim_core.spim_base.Exaspim.schema: remote, DeviceSerialNumber, MP151BBX006
2023-03-28,12:30:30.746 INFO spim_core.spim_base.Exaspim.schema: remote, DeviceUserID, 
2023-03-28,12:30:30.746 INFO spim_core.spim_base.Exaspim.schema: remote, DeviceSFNCVersionMajor, 2
2023-03-28,12:30:30.746 INFO spim_core.spim_base.Exaspim.schema: remote, DeviceSFNCVersionMinor, 0
2023-03-28,12:30:30.758 INFO spim_core.spim_base.Exaspim.schema: remote, DeviceSFNCVersionSubMinor, 0
2023-03-28,12:30:30.758 INFO spim_core.spim_base.Exaspim.schema: remote, DeviceManifestEntrySelector, 0
2023-03-28,12:30:30.768 INFO spim_core.spim_base.Exaspim.schema: remote, DeviceManifestXMLMajorVersion, 0
2023-03-28,12:30:30.778 INFO spim_core.spim_base.Exaspim.schema: remote, DeviceManifestXMLMinorVersion, 3
2023-03-28,12:30:30.778 INFO spim_core.spim_base.Exaspim.schema: remote, DeviceManifestXMLSubMinorVersion, 3
2023-03-28,12:30:30.788 INFO spim_core.spim_base.Exaspim.schema: remote, DeviceManifestSchemaMajorVersion, 1
2023-03-28,12:30:30.788 INFO spim_core.spim_base.Exaspim.schema: remote, DeviceManifestSchemaMinorVersion, 1
2023-03-28,12:30:30.818 INFO spim_core.spim_base.Exaspim.schema: remote, DeviceManifestPrimaryURL, Local:vc-150mx-0.3.3.zip;1FE00000;5484
2023-03-28,12:30:30.828 INFO spim_core.spim_base.Exaspim.schema: remote, DeviceTLType, CoaXPress
2023-03-28,12:30:30.828 INFO spim_core.spim_base.Exaspim.schema: remote, DeviceTLVersionMajor, 1
2023-03-28,12:30:30.836 INFO spim_core.spim_base.Exaspim.schema: remote, DeviceTLVersionMinor, 1
2023-03-28,12:30:30.836 INFO spim_core.spim_base.Exaspim.schema: remote, DeviceTLVersionSubMinor, 0
2023-03-28,12:30:30.846 INFO spim_core.spim_base.Exaspim.schema: remote, DeviceLinkSelector, 0
2023-03-28,12:30:30.846 INFO spim_core.spim_base.Exaspim.schema: remote, DeviceLinkSpeed, 2500.0
2023-03-28,12:30:30.858 INFO spim_core.spim_base.Exaspim.schema: remote, DeviceLinkThroughputLimit, 4000.0
2023-03-28,12:30:30.868 INFO spim_core.spim_base.Exaspim.schema: remote, DeviceLinkCommandTimeout, 300000.0
2023-03-28,12:30:30.878 INFO spim_core.spim_base.Exaspim.schema: remote, DeviceIndicatorMode, Active
2023-03-28,12:30:30.898 INFO spim_core.spim_base.Exaspim.schema: remote, DeviceTemperatureSelector, Mainboard
2023-03-28,12:30:30.898 INFO spim_core.spim_base.Exaspim.schema: remote, DeviceTemperature, 40.616546630859375
2023-03-28,12:30:30.912 INFO spim_core.spim_base.Exaspim.schema: remote, Timestamp, 10018864414592805
2023-03-28,12:30:30.912 INFO spim_core.spim_base.Exaspim.schema: remote, TimestampIncrement, 5
2023-03-28,12:30:30.922 INFO spim_core.spim_base.Exaspim.schema: remote, TimestampResetValue, 0
2023-03-28,12:30:30.932 INFO spim_core.spim_base.Exaspim.schema: remote, TimestampLatchValue, 0
2023-03-28,12:30:30.942 INFO spim_core.spim_base.Exaspim.schema: remote, SensorWidth, 14192
2023-03-28,12:30:30.952 INFO spim_core.spim_base.Exaspim.schema: remote, SensorHeight, 10640
2023-03-28,12:30:30.963 INFO spim_core.spim_base.Exaspim.schema: remote, WidthMax, 14192
2023-03-28,12:30:30.963 INFO spim_core.spim_base.Exaspim.schema: remote, HeightMax, 10640
2023-03-28,12:30:30.973 INFO spim_core.spim_base.Exaspim.schema: remote, Width, 14192
2023-03-28,12:30:30.973 INFO spim_core.spim_base.Exaspim.schema: remote, Height, 10640
2023-03-28,12:30:30.983 INFO spim_core.spim_base.Exaspim.schema: remote, OffsetX, 0
2023-03-28,12:30:30.993 INFO spim_core.spim_base.Exaspim.schema: remote, OffsetY, 0
2023-03-28,12:30:31.003 INFO spim_core.spim_base.Exaspim.schema: remote, BinningSelector, Logic
2023-03-28,12:30:31.013 INFO spim_core.spim_base.Exaspim.schema: remote, BinningHorizontalMode, Average
2023-03-28,12:30:31.023 INFO spim_core.spim_base.Exaspim.schema: remote, BinningHorizontal, X1
2023-03-28,12:30:31.033 INFO spim_core.spim_base.Exaspim.schema: remote, BinningVerticalMode, Average
2023-03-28,12:30:31.042 INFO spim_core.spim_base.Exaspim.schema: remote, BinningVertical, X1
2023-03-28,12:30:31.042 INFO spim_core.spim_base.Exaspim.schema: remote, ReverseX, False
2023-03-28,12:30:31.052 INFO spim_core.spim_base.Exaspim.schema: remote, PixelFormat, Mono14
2023-03-28,12:30:31.064 INFO spim_core.spim_base.Exaspim.schema: remote, TestPattern, Off
2023-03-28,12:30:31.074 INFO spim_core.spim_base.Exaspim.schema: remote, DefectivePixelCorrection, True
2023-03-28,12:30:31.084 INFO spim_core.spim_base.Exaspim.schema: remote, DynamicDefectivePixelCorrection, False
